111111111
111222111
111222111
122222221
122202221
122002001
111000111
111000111
111111111


111111111
111222111
111202111
122202221
122222221
122002001
111000111
111000111
111111111


111111111
111222111
111202111
120022221
122222221
122002001
111000111
111000111
111111111


1..111111
111111022
111111002
111120222
221122222
221122002
001111000
111111000
111111111


1..111111
111111200
111111002
111120222
221122222
221122002
001111000
111111000
111111111


1111..111
111111111
200111111
002111122
002221122
222221122
002001111
000111111
000111111


11111111.
.11111111
111120011
111100211
110020222
112222222
112200200
111100011
111100011


111111111
11..11111
111111120
011111120
211110000
222112202
222112200
200111100
011111100


000111110
111111..1
111111111
110001111
110021111
002022211
220222211
220020011
110001111


110000011
110111111
..1111111
111110001
111110021
111002200
211220222
211220020
011110001


.00001100
000111101
11111..11
111111111
100011111
100211110
200002112
202222112
200200111


.11 1 ;2 0 ;.00001
100000110
10111111.
.11111111
111100011
111100211
112200002
110202222
110200200


132555.19 4 ;13 0 ;
.00001100
000010101
11111..11
111111111
100011111
100211110
020002110
202222110


474332555
.19 3 ;11 0 ;.00001
100000010
00111111.
.11111111
111100011
111100211
110220002
110002222


432546474
332355.20 4 ;14 0 ;
.00001100
000010001
11011..11
111111111
100011111
100211110
002002110


142432546
474334355
.20 3 ;19 0 ;.00000
100000010
00111011.
.11111111
111100011
111100211
110000002


532373142
432546474
334555.20 2 ;4 0 ;
.00000100
000010001
10011..11
111111111
100011111
100211110


343532375
142432546
474334555
.12 2 ;18 0 ;.00000
100000010
00110010.
.11111111
111100011
111100211


332333435
323751424
325464743
36555.20 3 ;21 0 ;.
000001000
000100011
0000..111
111111111
000111111


452332333
435323551
424325464
74336555.
12 1 ;20 0 ;.000001
000000100
0010000..
111111111
111000111


133324452
332333435
323531424
325464743
36555.12 4 ;16 0 ;.
000001000
000000001
0000..111
111111111


334133324
454332333
435323531
424325464
74336555.
5 2 ;12 0 ;.000000
000000000
0010000..
111111111


