1111111111111111111111

11111111111122211111122211112222222112220222112200200111100011111100011111111111131415132425213233343536373142434546474152555
1111111110111111111111

11111111111122211111120211112220222112222222112200200111100011111100011111111111131415132445213233343536373142434546474152555
4 2 ;9 0 ;
1111111100111111111111

11111111111122211111120211112002222112222222112200200111100011111100011111111111131415132445213433343536373142434546474152555
7 3 ;8 0 ;
1110111100111111111111

11111111111102211111100211112022222112222222112200200111100011111100011111111111133415132445213433343536373142434546474152555
0 2 ;3 0 ;
1010111100111111111111

11111111111120011111100211112022222112222222112200200111100011111100011111111111133413132445213433343536373142434546474152555
2 1 ;1 0 ;
0010111100111111111111

11111111111120011111100211112200222112222222112200200111100011111100011111111111133413132445213233343536373142434546474152555
7 1 ;0 0 ;
0010111000111111111111

11111111111120011111100211110020222112222222112200200111100011111100011111111111133413132445233233343536373142434546474152555
6 3 ;7 0 ;
0010110000111111111111

11111111111120011111120211110000222112202222112200200111100011111100011111111111133413132445233233343536373142432546474152555
15 4 ;6 0 ;
0010110000111110111111

11111111111100011111100211110020222112202222112200200111100011111100011111111111133413332445233233343536373142432546474152555
2 2 ;15 0 ;
0010110000011110111111

11111111111100011111100211110022002112202222112200200111100011111100011111111111133413332445233233343534373142432546474152555
11 1 ;10 0 ;
0000110000011110111111

11111111111100011111100211110200002112202222112200200111100011111100011111111111133413332445233233343532373142432546474152555
11 1 ;2 0 ;
0000110000011010111111

11111111111100011111100211112200002110202222110200200111100011111100011111111111133413332445233233343532373142432546474132555
19 4 ;13 0 ;
0000110000001010111111

11111111111100011111100211110020002110202222110200200111100011111100011111111111133413332445233233343532373142432546474332555
19 3 ;11 0 ;
0000110000001000111111

11111111111100011111100211110220002110002222110000200111100011111100011111111111133413332445233233343532373142432546474332355
20 4 ;14 0 ;
0000110000001000111011

11111111111100011111100211110002002110002222110000200111100011111100011111111111133413332445233233343532373142432546474334355
20 3 ;19 0 ;
0000010000001000111011

11111111111100011111100211110000002110000222110002200111100011111100011111111111133413332445233233343532373142432546474334555
20 2 ;4 0 ;
0000010000001000110011

11111111111100011111100211110000000110000220110002202111100011111100011111111111133413332445233233343532375142432546474334555
12 2 ;18 0 ;
0000010000001000110010

11111111111100011111100211110000000110000220110000022111100011111100011111111111133413332445233233343532375142432546474336555
20 3 ;21 0 ;
0000010000001000110000

11111111111100011111100211110000000110000220110000200111100011111100011111111111133413332445233233343532355142432546474336555
12 1 ;20 0 ;
0000010000001000010000

11111111111100011111100211110000200110000020110000000111100011111100011111111111133413332445233233343532353142432546474336555
12 4 ;16 0 ;
0000010000000000010000

11111111111100011111100011110000000110000220110000000111100011111100011111111111133413332445433233343532353142432546474336555
5 2 ;12 0 ;
0000000000000000010000

11111111111100011111100011110000000110002000110000000111100011111100011111111111133413332445433233343532353142432544474336555
17 1 ;5 0 ;

