111111111
111222111
111222111
122222221
122202221
122002001
111000111
111000111
111111111

111111111
111222111
111202111
122202221
122222221
122002001
111000111
111000111
111111111

111111111
111222111
111202111
120022221
122222221
122002001
111000111
111000111
111111111

111111111
111022111
111002111
120222221
122222221
122002001
111000111
111000111
111111111

111111111
111200111
111002111
120222221
122222221
122002001
111000111
111000111
111111111

111111111
111200111
111002111
122002221
122222221
122002001
111000111
111000111
111111111

111111111
111200111
111002111
100202221
122222221
122002001
111000111
111000111
111111111

111111111
111200111
111202111
100002221
122022221
122002001
111000111
111000111
111111111

111111111
111000111
111002111
100202221
122022221
122002001
111000111
111000111
111111111

111111111
111000111
111002111
100220021
122022221
122002001
111000111
111000111
111111111

111111111
111000111
111002111
102000021
122022221
122002001
111000111
111000111
111111111

111111111
111000111
111002111
122000021
102022221
102002001
111000111
111000111
111111111

111111111
111000111
111002111
100200021
102022221
102002001
111000111
111000111
111111111

111111111
111000111
111002111
102200021
100022221
100002001
111000111
111000111
111111111

111111111
111000111
111002111
100020021
100022221
100002001
111000111
111000111
111111111

111111111
111000111
111002111
100000021
100002221
100022001
111000111
111000111
111111111

111111111
111000111
111002111
100000001
100002201
100022021
111000111
111000111
111111111

111111111
111000111
111002111
100000001
100002201
100000221
111000111
111000111
111111111

111111111
111000111
111002111
100000001
100002201
100002001
111000111
111000111
111111111

111111111
111000111
111002111
100002001
100000201
100000001
111000111
111000111
111111111

111111111
111000111
111000111
100000001
100002201
100000001
111000111
111000111
111111111

111111111
111000111
111000111
100000001
100020001
100000001
111000111
111000111
111111111

