111111111
111000111
111020111
122222221
122020221
100020001
111020111
111020111
111111111

111111111
111000111
111020111
102222221
102020221
120020001
111020111
111020111
111111111

111111111
111000111
111020111
100222221
100020221
122020001
111020111
111020111
111111111

111111111
111000111
111020111
102002221
100020221
122020001
111020111
111020111
111111111

111111111
111000111
111020111
102020021
100020221
122020001
111020111
111020111
111111111

111111111
111000111
111020111
102020021
100022001
122020001
111020111
111020111
111111111

111111111
111000111
111020111
102020021
100000201
122020001
111020111
111020111
111111111

111111111
111000111
111020111
102020021
100000201
100220001
111020111
111020111
111111111

111111111
111000111
111020111
102020021
100000201
100002001
111020111
111020111
111111111

111111111
111000111
111020111
102020021
100000201
100022001
111000111
111000111
111111111

111111111
111000111
111020111
102020021
100000201
100000201
111000111
111000111
111111111

111111111
111000111
111020111
102020221
100000001
100000001
111000111
111000111
111111111

111111111
111000111
111020111
102022001
100000001
100000001
111000111
111000111
111111111

111111111
111000111
111020111
102200001
100000001
100000001
111000111
111000111
111111111

111111111
111000111
111020111
100020001
100000001
100000001
111000111
111000111
111111111

111111111
111000111
111000111
100000001
100020001
100000001
111000111
111000111
111111111

