111111111
111000111
111000111
100222001
102222201
100000001
111000111
111000111
111111111

111111111
111000111
111200111
100022001
102022201
100000001
111000111
111000111
111111111

111111111
111000111
111200111
100200001
102022201
100000001
111000111
111000111
111111111

111111111
111000111
111200111
100200001
102200201
100000001
111000111
111000111
111111111

111111111
111000111
111200111
100200001
100020201
100000001
111000111
111000111
111111111

111111111
111000111
111000111
100000001
100220201
100000001
111000111
111000111
111111111

111111111
111000111
111000111
100000001
100002201
100000001
111000111
111000111
111111111

111111111
111000111
111000111
100000001
100020001
100000001
111000111
111000111
111111111

